0 0.004
4 0.001
9 0.001
13 0.004
23 0.004
34 0.001
38 0.07
45 0.006
56 0.002
67 0.001
74 0.001
77 0.004
80 0.002
84 0.001
89 0.003
93 0.001
95 0.001
99 0.002
133 0.048
138 0.002
146 0.002
147 0.005
148 0.009
149 0.005
150 0.001
176 0.001
181 0.002
185 0.003
186 0.001
191 0.001
208 0.001
210 0.003
269 0.003
282 0.004
295 0.001
300 0.008
309 0.003
316 0.002
326 0.002
333 0.002
341 0.01
351 0.002
367 0.003
370 0.008
373 0.008
375 0.001
385 0.01
399 0.01
402 0.008
440 0.008
444 0.006
452 0.002
466 0.002
469 0.002
473 0.002
477 0.003
478 0.031
497 0.004
505 0.003
512 0.024
520 0.007
559 0.002
575 0.001
578 0.002
579 0.003
585 0.001
588 0.013
594 0.021
600 0.001
609 0.005
610 0.001
616 0.022
627 0.045
640 0.009
648 0.004
655 0.001
665 0.001
667 0.001
720 0.016
730 0.002
739 0.028
741 0.002
770 0.02
776 0.001
778 0.008
805 0.005
823 0.01
837 0.007
840 0.025
854 0.001
858 0.002
860 0.1
864 0.019
881 0.017
882 0.004
889 0.004
903 0.013
916 0.001
921 0.01
926 0.006
928 0.03
936 0.004
944 0.002
947 0.004
951 0.002
956 0.001
961 0.011
965 0.004
967 0.005
979 0.003
1002 0.003
1009 0.003
1010 0.02
1016 0.003
1018 0.001
1035 0.023
1038 0.014
1041 0.003
1056 0.003
1084 0.001
1093 0.003
1098 0.005
1099 0.086
1124 0.003
1139 0.002
1183 0.002
1187 0.005
1195 0.002
1204 0.006
1214 0.001
1221 0.004
1222 0.001
1226 0.003
1243 0.004
1247 0.01
1248 0.007
1257 0.001
